24.400305 24.587075 0.18677119.100305 119.260065 0.15976
Average1: 0.18677
Average2: 0.15976
