24.400305 24.587075 0.18677120 120.360065 0.360065
Average1: 0.18677
Average2: 0.360065
