24.400305 25.974858 1.57455120 136.860065 16.8601
Average1: 1.57455
Average2: 16.8601
